1012
2487
1106
1093
1706
2733
1061
865
327
588
1101
490
1953
2864
2908
385
2566
91
1972
2200
1666
743
2844
2581
2977
1646
1361
2059
1075
2007
1657
2652
874
2656
2216
347
916
1984
1024
806
1205
1293
1141
630
589
2417
2960
2336
1462
2772
1112
2284
61
2383
1740
1007
2862
2890
2882
2693
1506
857
1948
506
86
2897
550
226
2176
1743
960
2266
1773
305
436
1727
2723
1027
2912
1321
2237
2910
2657
2295
1347
1875
1784
65
1312
1758
1987
1005
2492
2003
533
2122
2355
1922
257
802
613
1978
1187
1751
2385
2638
1374
2953
2584
2889
2821
4
906
2041
2286
983
1406
1056
2365
1348
1252
1169
2615
1343
1114
965
2062
2317
2754
193
907
1009
333
206
1034
2698
2323
2842
1509
1702
2473
1215
1910
2523
473
1259
484
324
1865
734
2427
2140
1306
2233
2522
1817
1440
1228
1283
635
890
2940
1565
1340
752
2211
725
2665
1898
1212
412
673
610
404
1242
2373
558
776
309
2202
680
1676
972
462
1046
2797
2152
1518
1151
1550
1031
1150
383
1113
2186
2458
340
1220
373
1025
618
198
219
1131
521
2310
478
388
1143
747
2857
915
1096
733
2146
367
2334
2808
1604
2339
1090
1899
2858
19
1064
754
1380
1148
2939
2177
2868
2045
2251
530
2287
1534
2130
628
605
2798
1180
1855
920
1376
919
1422
156
780
1760
1413
1307
1944
90
1924
1985
2576
2090
1750
299
2073
2366
216
1153
1562
1210
2132
480
745
409
1441
446
1365
2477
574
1883
1041
1884
2874
1078
2103
46
969
2557
2037
1897
1634
2012
2851
1491
1320
2764
2849
1754
2215
956
2903
1456
1645
1977
928
1273
186
1679
1356
1831
1499
1194
1095
2022
2156
529
2325
2490
932
538
1199
2777
1488
2964
2479
2588
13
2928
166
1682
282
356
1181
2828
2943
944
1805
1263
1960
365
117
2264
295
240
2829
1532
2462
2757
2496
1455
2624
2042
2387
887
1308
1206
2431
1906
1695
1110
659
2717
726
2872
2094
945
2884
2384
486
1988
1547
1302
2279
2234
2159
620
1332
2832
2628
1225
2415
128
508
2268
2293
923
205
2393
1149
2881
775
1965
2617
1130
1198
1133
1964
1399
2023
2853
782
1426
2172
1566
70
1191
2299
1901
469
2533
2561
1644
2550
1367
2328
1222
1004
863
1768
2963
543
555
133
687
954
2131
1560
499
805
355
570
1275
1568
2197
2208
2410
2696
2885
2645
1963
2612
1079
1052
1490
1650
2938
1588
2924
2119
1584
1999
2318
1256
992
1753
151
2543
2277
2135
1152
2080
1397
1238
1858
2926
1587
514
97
2283
1690
1905
608
119
1203
2512
1504
572
1179
276
1171
1403
2909
2213
1542
2203
2506
819
2406
2731
542
1476
2785
728
229
1551
1829
323
1178
60
2559
207
1087
2164
2662
735
1819
408
1681
790
2631
1045
1785
2502
2965
64
1395
2405
1668
2453
518
184
6
1156
345
563
937
172
1013
1995
2815
1724
2194
52
1673
841
1159
625
1188
33
2789
418
593
2303
2034
2653
1841
1059
1334
715
2329
2201
16
1310
2147
2664
38
2238
1699
2433
1324
594
650
2538
1576
2243
1808
454
963
1279
971
384
2692
746
681
552
621
89
2173
948
1662
2259
2381
1803
2946
1135
952
2743
127
1926
1522
1904
218
225
2753
2348
587
2973
1652
829
1692
1433
2143
2463
1484
2494
124
751
2136
1722
940
274
2967
2058
565
846
1579
1170
122
165
2411
2144
2412
1857
2447
96
2466
2668
536
2115
1377
2927
1736
1823
741
991
2235
767
293
1496
455
894
1213
999
2900
651
808
2396
435
892
1642
2054
873
2515
2309
2630
977
2583
1008
2184
573
1368
1032
2070
1622
2500
2555
1793
2608
1838
1454
796
2364
996
1546
816
1535
2750
701
1917
2245
1822
2622
682
342
1671
2036
2852
632
39
564
2875
286
352
79
1895
2061
2728
2424
883
1418
129
1632
1914
669
760
1691
1425
922
702
2818
2046
1733
949
467
1761
982
440
1868
1940
2915
1931
135
1854
2609
1824
978
997
2358
142
619
2860
2386
2280
441
1060
1464
1166
1190
1443
1325
1381
567
1961
2711
602
1520
2408
2799
1572
1600
2149
500
2195
1880
1295
2064
979
1200
24
146
1503
2948
2157
1649
1417
1401
576
2735
807
308
2114
888
2571
1104
2093
328
2984
835
2791
895
1136
1887
1582
967
2542
266
2548
2942
2613
1154
792
2715
935
1185
1437
69
2389
386
1937
946
47
1567
1458
934
1267
2353
2712
2863
2705
439
32
1236
468
1943
264
1371
2795
321
329
1375
2021
1276
2933
2457
1287
1408
2959
813
2097
2229
1543
2470
569
2644
2947
2790
245
2681
544
428
2823
1089
2895
1123
1665
2572
1658
2198
627
1714
1589
2461
2671
1404
2510
1748
1028
1981
2985
2154
1140
599
690
1035
259
678
2914
2096
785
1436
188
931
2205
246
178
1218
1975
768
2687
2067
1909
2181
197
202
2166
2530
2008
2223
314
2989
449
2163
1071
1826
1946
465
270
1453
1193
708
2586
718
1776
242
2015
1115
289
1292
2142
849
1144
2220
2099
2835
636
755
1327
803
1479
0
899
1989
2892
843
2230
2083
1696
2291
149
2911
2755
2052
1326
1483
488
2160
141
247
2434
1941
21
2634
56
104
1959
220
1086
2039
1378
2098
1369
664
676
842
1583
600
2870
2150
821
2360
1554
2451
2399
1820
1654
2344
1672
2288
660
2079
911
2992
208
88
1006
1827
926
2788
1507
1625
41
1394
1624
2274
2859
482
2281
2745
2261
1643
1330
1344
554
2452
1478
1409
1067
68
648
427
1807
73
393
2145
639
2121
87
1936
2720
1942
1254
211
2139
1512
2907
399
1264
2031
2796
1514
1232
1231
1878
2941
2632
28
2332
607
1472
2222
824
1613
1062
909
2448
42
2633
1318
2138
777
443
779
239
2476
1756
787
1548
2913
114
2682
2113
1466
2812
2902
1072
2841
1950
1245
1485
2478
497
856
2133
1182
1452
26
815
1363
1142
424
2051
2391
2567
1284
1786
1118
1315
215
1530
306
2116
897
2155
1329
695
2019
568
1994
652
363
1080
1241
2878
2594
351
1390
707
243
1734
1606
2800
2488
319
1810
1951
731
2629
78
1192
2655
2313
463
2481
1610
662
1670
237
1474
425
183
1354
2342
1088
631
2937
1414
2739
2569
1729
2361
1597
1907
1955
2976
335
192
1122
1707
294
1037
262
647
144
1661
742
2760
2683
2110
546
1487
1777
791
2678
1066
2273
1314
271
2707
2820
2192
1230
1486
2949
103
1234
2072
1742
1424
2547
943
2095
2265
1825
2347
2109
524
288
1918
2604
1684
719
1336
1617
2440
2085
442
55
2702
2246
2685
1623
2541
1602
1022
758
2783
683
1167
509
859
663
359
1870
2932
248
834
2714
1549
966
914
123
17
1764
176
1973
174
2351
1217
666
839
2438
1721
2276
1237
1415
1137
1738
130
493
1121
2104
503
1801
2123
180
438
875
279
1993
413
1266
2285
1382
577
1303
213
1449
634
653
1388
372
1873
575
582
15
2378
730
603
1716
1328
63
2170
2275
298
1882
1962
2525
696
1044
1160
2117
840
451
1102
2089
783
2493
772
692
2535
1713
2780
985
2084
182
2845
82
2537
2670
214
2337
370
833
1146
1278
2491
2371
1127
303
1438
951
162
5
2997
1574
1976
1300
2367
2676
1357
2189
793
398
315
194
7
2726
313
918
2171
1036
1128
2680
885
2442
1685
1505
2847
2930
2805
584
224
433
1235
1811
1497
1735
1227
2183
2343
880
2069
223
2839
2505
2290
2752
1073
665
1861
2595
2382
1728
269
2068
2026
2
2521
1919
774
426
2225
2758
964
157
249
759
1792
1229
2350
2770
1524
2071
591
1688
1539
2248
2349
2454
2865
2827
924
2075
942
1309
1957
2188
353
2190
1412
1920
378
2168
1631
655
275
1372
1636
2688
167
35
2918
317
844
2923
1296
1294
389
1223
501
2774
1120
23
2873
471
872
1138
1468
560
140
483
1097
1442
649
125
2315
1039
2426
29
2767
711
395
30
2877
1933
871
804
1780
1763
2719
2854
1537
1848
322
2345
1860
263
2979
1923
43
748
85
1246
2565
2748
1427
784
994
267
1011
2357
799
2765
1471
106
614
401
686
1541
147
1913
1410
753
801
339
415
2333
2219
513
1157
113
1833
623
1305
2484
2893
1794
1521
2700
939
927
597
1874
933
1047
2301
195
2187
2856
2618
1772
1846
697
1480
1612
1779
1109
1596
2256
989
2088
419
1019
525
825
864
2002
520
2560
675
1126
390
2744
1771
1164
2178
644
2775
1349
1411
656
45
1165
1991
831
2779
1635
71
2689
958
2650
1084
376
272
2269
1244
1697
2498
230
917
549
1339
2294
1002
810
126
1211
1001
2806
11
2935
2016
1100
121
2297
1358
1609
2377
1952
331
334
1183
2961
2596
2472
820
818
1843
210
1265
1400
1168
2270
99
2866
1969
2747
2416
2459
1757
1715
1526
2102
2810
258
281
893
1839
1116
993
962
1111
2302
2014
2253
1585
1704
762
1391
2532
1859
1628
2954
1967
362
2990
1529
37
1770
617
2228
2312
1261
947
2124
1421
217
2951
698
2180
1470
896
2341
2659
559
2970
2240
1335
861
2204
1599
109
189
1828
1054
1533
987
1091
2244
1571
1105
2919
556
2356
2846
2663
2048
1407
761
1747
2514
2826
374
2422
1814
1053
280
729
1286
699
1726
657
2227
2999
2649
547
1204
2701
2106
95
134
674
852
2551
375
1540
2883
1840
40
1725
2236
1595
788
209
1423
297
2931
502
2635
800
2335
414
2053
136
1219
2254
2304
2607
1494
1428
2455
1627
2340
2646
2625
448
2513
67
2456
2740
2637
2601
877
307
1288
387
845
886
694
1789
1593
2316
2869
2010
1459
2392
2509
1648
2974
2822
1966
1184
798
1996
1304
2401
392
2379
2271
1885
115
2100
1809
320
1675
2773
2600
1289
1029
2718
2300
2137
2289
2957
2107
2620
2673
1342
1248
1077
255
371
1992
1023
677
2891
2686
232
2837
2508
1869
654
847
1460
1845
1065
397
360
504
2703
2321
1528
2660
1598
1647
2296
382
1435
1934
2175
2239
1040
1055
1240
2603
2050
253
595
1224
2669
2531
1921
1879
2108
2605
961
1186
2674
1500
1619
2962
1872
611
1577
402
2327
1592
1243
1319
1099
1431
1720
312
2006
691
1074
2677
1018
405
494
709
2746
739
1573
1911
970
364
2871
1196
822
1317
1866
566
794
1746
2129
1085
1290
2843
2185
2737
1608
1732
1759
2570
1737
2699
1968
94
1812
1700
1175
92
2063
670
1020
1741
430
222
287
1515
900
1272
2920
2816
2369
2721
2766
2009
672
688
2032
770
1830
750
713
2011
1202
2428
1834
1816
990
1586
1564
2074
2578
1366
771
170
2196
910
173
1176
458
2994
489
1451
1250
717
2319
417
2906
700
2627
1717
2975
2917
2983
380
763
1621
139
2241
641
1766
12
1663
2169
1063
2174
2807
1902
2614
2981
2162
2151
585
2409
1331
3
764
1614
2231
77
2894
1172
2082
1570
2489
643
204
737
1886
1983
2679
1615
1990
2905
1498
2263
2534
2148
2352
1659
2468
2518
850
1929
285
1010
2141
81
2066
431
1575
2771
2611
179
2610
403
640
496
2969
57
354
1058
1158
1
1313
646
1954
624
1107
1536
1125
2517
2394
2784
1749
727
622
2759
957
1775
1311
615
1281
2544
1258
1043
1003
1030
2792
882
2945
1510
1787
1316
898
1956
1082
2776
1559
921
2982
866
721
2598
2326
879
2469
629
2035
2834
2439
854
1611
203
2722
633
1173
1323
1832
25
310
2585
1667
168
2120
429
231
2027
1781
2636
2467
1033
2734
301
1511
252
112
534
407
2111
941
423
756
2372
522
1765
2925
2527
2242
1783
171
1519
1927
2623
116
93
2756
2060
2507
2307
1134
2153
1338
2955
2511
1908
1389
2987
155
532
2528
535
902
2991
2971
2793
2024
1856
1558
1788
2573
2995
343
420
391
2161
1523
450
689
1385
596
2432
479
1057
2086
1979
1538
2564
789
2640
1050
2368
108
461
1641
212
724
163
2706
1718
1578
2330
1094
765
2886
592
2899
2558
256
1398
51
1687
1016
2529
190
1477
870
1527
485
100
1925
2191
1247
1387
583
10
444
1980
1616
1201
1896
2540
2305
2018
710
2762
984
1709
300
2694
581
2639
851
720
2400
2298
814
2825
2480
2738
2435
2081
1892
1633
161
2729
250
50
2029
1493
196
1322
2005
723
2730
540
1997
1915
2475
2407
2044
1694
526
519
2763
1513
1070
2709
2207
2214
2497
284
693
1849
1119
120
2749
2033
447
1379
671
110
260
150
1569
1434
1556
2125
1475
369
2257
912
1703
416
2359
1674
2708
2741
510
2742
421
1069
557
1601
637
2978
658
1795
950
118
925
251
1939
1607
2324
2047
498
2258
612
827
2134
2420
283
601
2950
1447
975
2647
578
561
1299
2049
1350
973
361
2482
2536
2996
2182
2838
2485
2056
472
2761
2840
2464
2076
830
1239
736
1791
1580
1800
523
2968
1847
18
2126
1842
2768
1912
238
1253
749
1269
1439
62
1629
604
1386
2786
541
1844
1835
2403
1778
2495
169
955
2658
2667
738
475
201
2794
1591
1129
1710
2684
368
1594
1949
1042
406
2043
84
1026
2901
381
445
2691
234
59
1851
1655
350
722
2921
953
254
1767
2824
2091
809
869
74
2549
1930
160
2232
876
2322
332
1656
185
2414
1383
2648
83
1076
34
2346
2210
1557
105
2833
1341
1068
1298
2158
199
812
537
1352
2001
268
2314
27
1392
586
1581
